time (min), heat, stir, air, fan, od, purple, temp,
0 183 150 0 255 60 452 40.00
20 184 150 100 255 200 464 38.50
40 188 150 100 255 188 460 38.50
60 185 150 100 255 184 456 38.90
80 185 150 100 255 184 456 38.50
100 187 150 100 255 184 448 38.10
120 187 150 100 255 176 464 62.10
140 188 150 100 255 176 456 38.20
160 187 150 100 255 168 464 38.20
180 205 150 100 255 160 436 38.20
200 187 150 100 255 156 452 38.10
220 187 150 100 255 148 440 38.20
240 188 150 100 255 144 456 38.20
260 187 150 100 255 132 444 38.30
280 188 150 100 255 132 412 38.00
300 190 150 100 255 128 412 38.10
320 189 150 100 255 124 400 38.00
340 189 150 100 255 120 388 38.00
360 190 150 100 255 112 388 62.50
380 190 150 100 255 140 380 38.00
400 189 150 100 255 148 376 38.00
420 194 150 100 255 156 364 37.50
440 193 150 100 255 160 380 37.60
460 207 150 100 255 144 348 37.40
480 194 150 100 255 140 344 37.60
500 195 150 100 255 124 332 37.40
520 200 150 100 255 132 328 37.40
540 204 150 100 255 124 328 37.50
560 196 150 100 255 136 304 38.20
580 195 150 100 255 124 308 37.60
600 195 150 100 255 136 308 37.00
620 196 150 100 255 136 308 37.00
640 213 150 100 255 132 296 37.20
660 199 150 100 255 136 292 37.20
680 196 150 100 255 144 292 37.20
700 194 150 100 255 136 288 37.20
720 197 150 100 255 116 284 38.00
740 197 150 100 255 120 300 37.00
760 203 150 100 255 116 276 37.20
780 195 150 100 255 124 288 37.30
800 205 150 100 255 120 292 37.40
820 197 150 100 255 112 300 37.20
840 196 150 50 255 108 264 62.50
860 186 150 50 255 112 212 38.30
880 182 150 50 255 112 192 38.80
900 181 150 50 255 108 164 38.80
920 172 150 50 255 112 164 39.10
940 180 150 50 255 112 148 38.80
960 182 150 50 255 108 152 38.70
